0.0 0.4777376654632972 0.5836341756919374 0.5595667870036101 0.3164861612515042 0.6209386281588448 0.2972322503008424 0.3176895306859206 0.6089049338146811 0.5631768953068592
0.4777376654632972 0.0 0.4693140794223827 0.3044524669073406 0.5728038507821901 0.4957882069795427 0.3273164861612515 0.5571600481347774 0.4620938628158845 0.3212996389891697
0.5836341756919374 0.4693140794223827 0.0 0.5764139590854392 0.6425992779783394 0.6317689530685922 0.555956678700361 0.6257521058965102 0.6149217809867629 0.2864019253910951
0.5595667870036101 0.3044524669073406 0.5764139590854392 0.0 0.6293622141997594 0.3212996389891697 0.4873646209386282 0.5812274368231047 0.2996389891696751 0.4837545126353791
0.3164861612515042 0.5728038507821901 0.6425992779783394 0.6293622141997594 0.0 0.6666666666666667 0.4825511432009627 0.48014440433213 0.6353790613718412 0.6089049338146811
0.6209386281588448 0.4957882069795427 0.6317689530685922 0.3212996389891697 0.6666666666666667 0.0 0.5776173285198556 0.6425992779783394 0.4608904933814681 0.5800240673886883
0.2972322503008424 0.3273164861612515 0.555956678700361 0.4873646209386282 0.4825511432009627 0.5776173285198556 0.0 0.4825511432009627 0.5607701564380265 0.4861612515042118
0.3176895306859206 0.5571600481347774 0.6257521058965102 0.5812274368231047 0.48014440433213 0.6425992779783394 0.4825511432009627 0.0 0.6257521058965102 0.6173285198555957
0.6089049338146811 0.4620938628158845 0.6149217809867629 0.2996389891696751 0.6353790613718412 0.4608904933814681 0.5607701564380265 0.6257521058965102 0.0 0.5703971119133574
0.5631768953068592 0.3212996389891697 0.2864019253910951 0.4837545126353791 0.6089049338146811 0.5800240673886883 0.4861612515042118 0.6173285198555957 0.5703971119133574 0.0